1292505150883233803
900978181098598460
1157626703737274368
1297973794442313730
720659855433793628
1231272849046638597
1031723710266224730
1027268640388685916
1168331888918798361
1296073100592549958
1298582359624650793
704378053169774595
1182789752441819136
1291533632980123749
704452121432555591
1066734680470192268
1298395763906449428
1300405765256777780
1103205288129077288
1287090218536669247
1042863079408545832
1172674969122111620
1299763289865326605
1096524304994287618
1199048027009192119
456226577798135808
1013504848198643812
1275537686857515008
1100527113762783262
1292177706552922146
1072484415755788288
1302291521441239131
1161035596471480360
1137427834369998889
1298806567839203362
1044318176525164565
1096385664662126753
773574206164172802
1200140391962378322
1109102875046596629
536546678489219093
1047282803324231810
1281323952097988650
1177757522149519415
1053644704937418762
1295017508490711095
1305331078038421525
1106130737549291541
1129881669302759564
1304549892726980679
1289419763881213993
1134827459334901770
929669157354602547
1007398587824615440
982617764940369920
805381449335046175
1256018129193013348
1144977875758485514
333016233027043328
1296735807096487963
1238479228228599871
1091107347407044669
1146627628984451072
901823699353739305
572024664784633896
1025896100021936178
1142110307645407272
1292107161723338836
1122920693508624394
925508234075316286
674313656376360960
1302674997579612345
1031920869473271838
1190031484497707148
1247239208884637748
1255270570598207658
662395000398544906
625252830411751436
510851130973093911
980917122270113845
1290187794479583256
1221840890356563968
1267875521283227791
1252346082042843257
933806782080491570
1156837144204165201
608423149159055370
1306615140984295434
1276442340323495956
516018533172510741
1307700147622510624
1273670153103478815
637327859785924618
1247911030890299392
1278080614091853925
1294119164528689204
764099628429082626
1296589220466528377
1241825211716731012
1219722935414161571
1294036530939039819
1284764200039874581
1240410508436308109
780840197617221632
1043971832551833691
1310469388549492747
1296112801852428341
1310044691135332479
1290408393495806087
1295017182173986960
1099035653003546755
1136400830455631965
1155606457211953172
546319226806468647
1001519323187253390
564508725843329036
1191393367741972500
1312386746444677143
653173890889023488
1210335943031005245
1272625266010886167
1115316348243947530
1237406097963356195
1314326249409216592
1093936375277047858
1308172721590636565
1189565741171748996
783389811321995274
1200268353575600198
1298278615963664510
1184480336617427024
1286547216592539678
543484646558531584
965565570449825792
611321921182892052
1314262954635690017
1190106378497441792
1035309877788160000
999778581884457090
1029132426548621343
1289106584168955944
1211678702887505998
870595554692956190
1316250766507249705
1206361246329348126
612410793652256999
1168272205273104528
1053342090010054707
1160341241360302091
1058301881698488370
1241816283847200790
897949919325851729
1034891117084299385
1182684244494008410
1270366039552561163
1313406455503654955
1135698098623098900
1295152578518323284
1254454875782254724
697871236243652738
1236584009576747029
1304149596934508716
1310124424271237213
1191204901984944201
1175132891102068849
1317621991058182174
1244368495672692747
932963374466207854
1230826174079303734
896459027549130783
1314755693160697858
1289769394242846723
1316759015598063698
808379637474000926
1098313271217504256
1189265925208281091
706519344795877457
1314719910194315395
1242080043807539243
302449924254072844
1318259227013156915
1312118135247077523
1175648630682693683
879014622328406116
1261299112947748894
1248020501339832431
1265440834200010753
1201261732862111835
1315401316616634469
1202233794837630997
1245003636480937985
982656530019135539
1270678396745285695
1136600089486430231
1288030267948400674
1271197309589520466
1077615776409849906
1221195914933440606
1140614063840301057
1229125453739196477
1299408278719299732
1279872316955955303
1235946513839165493
910223915991851039
1267154587085967443
1294614316208754729
1133766951265636393
1300247180115972208
1300253879128297553
1145832483934453882
1274172828442300461
1224104868998807625
1290786618172768277
1281688133460820022
1219791093416067114
1010240276515799164
1151515025035501621
1000424520022241370
1224760422033391649
1242032432811606018
1282390262806478880
1302207860557611010
253548119646535691
1118976765340176587
1149803076925001888
1303776605134651472
1297542178041626624
1306252345394593885
1243585945161175120
903272554200965130
1026632630889894039
1302863491950051420
1164967534995447928
1305918892584992781
1134517514454446090
1271694993433825376
751755811570843690
1305671138889699358
1188577717478772788
1083171337184485438
1307044169478307880
1044260303090749570
999992553371869296
1307473870084898947
757273808607379647
916029102685823026
1212410937555030019
1301286530811166843
1279817160146944057
1276595498857402464
1308373584040951810
1201217258320560319
1229499116003004500
1159520217840484452
930523057167167548
1258725289912176641
1219923724669816974
405396279863148554
1179496973326352530
943823864180383784
1301892951269703794
1091446273627914361
1277086457961517147
1298412780763877437
449627957431107585
1302716747006345256
1086479978142638145
1110621933315309578
1275242094000345089
1219032549129453569
1314352540904722445
1103227088548417557
924701617327054920
1314975081352531993
1046879512270479530
584032218347864064
1309516434514382892
1283417479661621362
1315089980259045387
1181742326679351409
1139552203355476033
1279688534437138515
1310703444054769686
1314714366054109286
1301806150513197088
1306409529616896004
970235616237330443
1303820307198382132
1162731401729290240
1179864289524338770
1068187719437651979
518377103000076289
1314966228019838997
866205344668844042
950423971004825712
1313987560820838401
1096004583291093022
1317622910738759700
1314264010325229619
1305185140070416508
1312088237749178442
877915553489108992
224161367521755136
1254900452450111493
854870864087613471
1308472478179393588
1314487558599868471
1202233794837630997