1286251137493631038
1294335656381907087
1272701046350811237
1290187794479583256
456226577798135808
1209663260358348830
1058507132338716794
1272852112702701622
1216080933866831934
1299172728393302107
1261073283768385627
973640489662304396
1071945062554026015
1231713943362343002
1217605950483988483
1232847596435800114
1188014936467709984
948428703749246996
1096163089159835680
1244640266481303633
887603925237252117
1298218996927303731
1301347144846020608
1225915012821024838
1270054538300362843
1080504661620047922
837070111458328586
1212637305383424032
1278459424150655098
1287824395968188437
1134409469841903616
1301735590588448830
1293018503586119741
774444931389325314
1291810890869379124
1298191168651137025
1270236363018469459
1281086112026333238
1301272347612938374
1266968486475731063
1296221784286298155
1299111265326858282
850064476530278412
1250756445926985801
1298149426853974077
1145013124093706401
1271574585728434280
807999688560607262
1284246968062971934
1174234789482610784
1275568996522922044
1290085505869942806
1300993201670197319
1114770198994636802
1287888863838343271
1189386688812814347
1295964185238310935
803057009518968852
1023382109651476540
1295499731501453365
1291933607371210847
1161766327623630879
1226853795539976267
1071864493677740092
1066470405235286037
1300297940623036483
1057309278005887027
1216767442962092134
1095779270913171517
1024079878854815745
1203628011484876813
1220849395939934209
1280243830452518958
1287152219308949505
1293237506665611335
1260743517311864886
1301155649840746512
963871021067280464
1284770308490006581
1302255050336374786
1297705236638728275
602502604769067009
1298327671809245305
1298063385056776194
210707474758631425
1221942342680842252
1147469710850531470
1111706238229692436
1293239771799490591
1292386212362846235
1204193552004022403
1184751457568837643
1296147592601665706
1298723402135240725
1294460191844077579
1146565866536849448
1293097602094727189
1296142766182633546
1179308603274969154
1296144026713591920
1274844771508158606
1154114805553176666
1263037817903120410
1297306913641598996
1273984448723025992
1030455499705036830
1283939485905719367
922896344337748068
1195716512955236455
1015436314323202058
1289707592129581148
1137925125371592705
1302529397261209612
431604991497732106
1244931519567364146
1245977870703136829
1265542712288088078
1299350524776157236
668176883128598540
1274359405395050550
1190693573729980516
1288210052611575860
754268196709859389
1272520807158911038
1301285541039575133
1293659579636387924
1191140083760377876
910293971308249090
957124425210298409
1283805097142521969
1280210945305477174
1273311626262741014
1237190366646632539
1259600260309975053
810233822071095297
1284337466165432403
961007098680991764
1289683428974788610
1266613307067076652
1297266921577906299
896393874644275230
1302625681607364758
1297744702698815560
886316047165194340
1244974013927919626
1173658131662901291
1268921834909466696
1302484759489806340
1265825066172813384
1228054140723134539
1289752352802476078
1302910658643365951
1264988154352631963
907187472222535690
1229725960216252528
867156693087158314
782202235098497044
1169341494218465360
1282061719757127843
1296526718143697046
1006529945209688165
1301136696947118122
1280152128278499383
558372587621711873
1300535911590924292
1204464260718272542
1294449552237269065
1256319284699729921
1129066821266460793
1296105889740230677
1205200241868017758
814569026558754878
1151968781673955459
1292164325016076424
1289656251696943209
1297185840375533669
298356090922598400
1287034942550835285
493047632898424833
1198115594285895721
1254943342341656597
938228127874822234
1026714242767921223
803284957102735400
1200538054964826184
1302949620564889667
1287990027497902182
865544350909071402
1263918737552314531
1232488375412457503
1300434798904479760
922871462132596766
1300578516210810971
1255101951381733461
1276351151549186079
725275724126224397
785071649400815616
821013492211515424
1163942041802260480
1135249786593873931
1068282997863895191
1285194278490079255
289279440452583435
1281350267052363896
1230135506545803284
1300392749287084042
1295764703632429141
881068833224405022
1040393535674912828
426478590918524930
1298054009709531278
299357268422426628
203719498757439488
1225295996825636875
1300345209607159933
993482675040047244
1169223847837454371
882425753948549120
1252481553192456275
1218574097307537512
888176387033288704
1189456725833682965
1287447699817369745
1301769354995695648
1275690083743305770
1053646202182320158
973210771095973980
1278817878367535250
1296215932590493773
1190691003410165820
1175271668965441596
1298014483813236936
1136950171138281492
1143538875587891320
1297585177845039257
1289638526580686869
884767839930695680
1133665373405847603
1215990020083683400
669936989050634241
1263992840036286586
871632859910266891
1166982994125410332
1288098217891860511
1228077058320629780
896884283191472159
1298590570222194728
1297171646293217311
742797394202329159
767849033972187156
1217865354878124183
1266521649654796373
1205357432289763331
1262277970526081199
1304040194688815156
480855588063019029
861861750932242432
1304086871873425510
1303726539933749251
953787822039519274
1301263352554590229
893867687254568974
1206738712256315452
1291607638533996558
1291836553915531367
1162487836839264298
1304284569255542845
1276008927473172484
1303240086321758239
944401833181466634
1284925042408554599
1301236344831611053
1264448164610576395
1233003936797949995
519606063033483265
1287761673951641696
1283192230529732679
1132748424182239484
1047369197493174362
945368335493767230
1304331089619451965
1304537017652346911
1304321915988606987
748610027459313755
1192691118291308626
1183679915976040448
1244858016784978035
1241778676157124668
1300473051342966788
1242180505940660348
1270777371019968613
1265785447980859405
1287189976844599398
501622215914160158
1302252542427660320
1205173636525330512
535198641552490516
807157269044789248
1275487821305610353
1171487989214486579
357235120261824512
1259265650602414133
1254769774534332451
1252730119001342048
1222685262036074598
1291423011974545511
1304680170275471445
1292413867749670957
1228137648434970697
779354486363389952
1304770020177612854
1291995515776401451
1221139236481273930
727722024499282091
1283347437716770818
907593127567691848
1271683813327507510
528237436656943145
1281620183617765379
1135804304247238718
1236093678930362438
1286656184639557663
1198532272123551854
1297636731096662166
1263878372518269032
1302552272642773075
1244131121592270862
1100553444156252240
1300991818229354506
1141759154508267612
385175565415743488
1251151493457907713
868217356898430976
811448270068776981
655743574721429511
1256357272595071100
718774910977310800
789629689340755979
1071570472271085598
1304937586233708616
1291295779046297673
1281252982549254195
1301043767385526319
501548575117803521
938236784574353408
1178456806712934420
369172543094915072
1199817920969179169
1278905909007093791
328505033501048833
641352472262344715
1280238759933378683
1305407764184567942
1298280307186995232
1291990386927075374
1242400562964594689
1295546099372920893
1304206322249498707
1265780492620402772
994649892494512168
1202863619994554391
1198492408732713150
995415327896780831
1105201532229668974
1272855875043852299
1297333736655949881
1260708940015210566
987210810197696554
1143225166298615840
918731191803314216
1279105243161821195
1277926075867070553
974439449494712410
965327150486028318
1143703593866760262
1280977648985833492
1298846842217435319
1295066573450510399
1171414952028930119
1305012691357929572
1293134699195273220
1292509843697045538
1277940670765465612
1287954971853328450
794225039121449010
1225869296115122378
1199924552290025495
1082091775096787085
1017401604267323453
1107989840735260725
1272099679043190874
1001302504841170964
1292072444286210091
1293792985099669617
1104689399662379018
1298494559248191548
1294547530948018209
1013154139766804562
1304884221625503845
955827098688315476
1271309939889147965
1305664599055663206
255882708184596482
1191103938016063598
1291625262408273935
1305442892000526348
1129142231295594607
1282289702669389835
1260326939931971758
1167468292219355307
1117975893390925864
818112816673849364
1293968371271864372
1257457318954799267
1253794760854995077
1304272190878908416
1305949335426564178
533708612598628362
784471398529105951
1289454806070595609
662016188406169671
1305098985740177418
1214334112308006984
1163346935827136626
1252758433279770648
1305350946217525312
1306051519627657266
1059536188609921024
1042586422504333343
1305405167591493663
1262206735456927825
426846724657512449
339171884966871041
1288382350463602719
1286826293907947561
1255169537767378984
1189140958332338216
1299966005337919491
1082532824965468231
1115277552081178674
1296109064224247832
1269976499952291866
905922185800081429
1118689075176677498
1266817769882521761
1302372619001008179
1253862015563468875
1303470614115520513
1147680810284097596
1288912956620537958
1133794204330504242
1081418814882861066
1292804845807603773
1130542030750236752
1204519926015205407
1256848039075909695
1304215757915426889
203651256336646145
1288360167821541457
1071246648241569822
1272821520460414976
251165956095606785
1258764706726936607
1147413514802171919
1209894305234292836
1228680331838754887
1303089675384389732
839500469423964230
1297632945854742590
1306574293714341962
1280177946228949044
1305778778177540139
1292952125810282518
1075220770969616384
1190569643069423719
1286607626389553195
329790439030915072
1250379878537232426
761638557399646208
1213033971588534303
1251441208589549608
1246428646269522015
1118534320785719306
1305517592445980674
1279942743803559997
1273142209465684094
949218779253059614
1270094626598158397
1034219209753886814
1218515594173874249
825445651838926939
1302426990304821318
853867125617328139
1279401992451784849
1307111783751880778
732126691316727810
466465197574455306
1278559210921263189
665915129442861057
1298928506532528173
1292725228224516149
1303831560675528795
684140990138679313
1250180904555515964
1285799990735667344
1307324357969969174
1133504201171935395
1307172503818342421
1030958704683647077
1302225157653397578
1284720081133244528
1205245341704912927
808654429263364127
919446546532147211
1305719209694859318
283388556632653824
1193304019641307321
1306726485977075855
775792630138404884
1307511525036134420
1172965761384468564
987961514164093040
865296775790198825
1221680561631006751
1235686667608653824
1290926083436183638
822044770251046942
1292989634124714046
1241282749533524002
1152448926381781093
1293568100092084264
763423493353897995
1307732679684391015
1240051720068010055
612750012069183520
1145495881257324544
1296922350318522439
1278654962586357795
1307755975062847499
1213363359945199637
1262408695346888704
1297272645741445214
1187074042050650135
1301535172151345188
1018331533586743377
493688762975387659
1280024474376343553
348960178810650625
1301912333475643404
1306064748768530432
480834005823127564
1288956996011163689
1307958226913853460
528735886158856192
332000403619053568
1307140608552337468
1171166337373065237
929498460279959602
1308089928474824752
1196491034423726083
1300074084541141054
702046184818212874
1285412196540481639
1246991716435755049
1300473888152485909
1209424281830821959
1304834126708215861
1159461283960213574
909432312452775936
1264944988886925414
970345173236187209
988141531460436028
1303145623121301554
901280410359693343
1157369574715555922
1258544117185642629
700181722020708412
1304988306316201984
1238954007700045960
1307863730259890248
1297507570755440642
585321269856174081
1304075015586713650
1175577275899596862
1136620567567540245
1290421753406820382
962026792330346546
1130583691832340633
1260123190156464143
1194443426670850081
1062230532001366038
1300438121149759520
1034235360529633311
841437260225576982
1245493610963669123
873764926810914886
427496165114904576
1308647155602296973
1307005290079715396
842834654721474610
755273350200295457
1307644974350729219
1291490902044573761
1134870406109606009
1191740397655957545
862533820573417472
1300303905321910344
1259160888644997283
806038973956358175
1211716307385585724
1301298318701363240
939661013366751232
1307427563903254608
1308063888658665594
999546269506748446
1308580845942214736
1223189178511134743
1309003792678912062
1182089745430478993
1075159727291515011
568926871174250506
1129247460984881273
1236372491384131660
1266289529338335303
1264305512955117631
1302281554810376272
1291894513308008489
1234050994149785610
762536318051680277
1309188251097239574
1282795671174250496
351111981475954691
1248389076214878210
1268016837237411870
1287830157423280224
1291296950985166922
1251933773868699816
1291923711188013071
1309654540336758894
1128325674076217385
625311581575839784
1306613399496691744
1309860009697349664
1105566402938683434
1109457161697894472
1270227597866831955
1305706186946908172
1155801130136244314
1252148304125628416
1277889925261299744
878487829766897705
1287116632241471621
912778642931740694
1081624218795520030
1115124067490598973
466380464870129674
1292188246406856826
1285437135691972643
1307233582821146636
1092090993395904542
667741156058333201
1056972452632211476
976096326272053258
1309009371581386854
1210498684488261684
1093966087294562354
1232759016665514004
1252815280082522182
986666093802323999
1103176665150005298
1192313661134475296
1208818993268531330
970521221080944641
1305401006661697628
722530491865235708
1188248657485635647
1295819285373128714
1082320474412953691
1310464578555088958
1286564583007588373
841861912924520478
1298557481752068156
708322731602608198
663837076034158642
1303163323755270146
691452541954687006
1307080405404356648
1028576534673502248
1307610796678971393
997908678168563732
1259964226135396486
1250191095623585806
1295819917559463977
1310427743015538690
1111598140357877841
1310734194233708594
1299016127833309197
1149350451079303262
1295952306554273822
1307323814710870038
1091436238877233243
1301897515721035819
963962359397908530
710925445549522984
1256599660680712254
1303733720720605257
1310385110880882798
1304404255284789258
1306995086168559617
1311060936127152221
1006306704985686056
813319526115835945
1288762675148619861
1115084111439216760
1282274702764540007
1292623245664845958
1235464890953502831
1311180475603091550
1253021705027452988
1261512003525283923
1234963618181943370
1311337019590578227
1307767879181008897
1296795366154567754
1157398521201307780
1311312159652708352
1187110699558780999
1300451467538337947
1311040913786540136
1196495647541571724
1311438022339989645
1309697746986340453
1296537770856022066
1311390305567637595
1309874233194578021
565433512543518727
1172559048713969674
1101415603421597776
1178858675834716170
1246561026715947142
1306735026238521416
1273573436513587222
812368936397570048
1217282609613373493
804512657352687656
1168153020543008860
1058847829445062666
1270389882229100726
1311781079841116264
786708213051031583
1289833065841164330
1309982989295419433
770025881674055690
1302784429453873153
1260927357896757309
1310985360150626306
815617911741218876
1305059596280528948
1223948942316929167
1311949055672455192
1156928199851266108
1295199403426185298
1293666992145961034
811634708617363497
1311782987435741194
976079279555223613
1309916141405208718
1278780524885966889
1106821586037772389
1311225576677183519
604665666720759808
1235911639107371114
1252350516747305132
1312207330120827024
1289379500710166549
1310606502641401906
1164258703466311780
1241111577009328222
1254548306487410812
564503845527617557
1306769378007842849
1279094193301618758
863936580988043294
1295071075004055552
1312209944577310804
1262883690476867586
527966283887804429
1236213093537939507
581166353332043786
1187286719695966279
611911052023693322
1247144513726844929
913458390792020010
1277600077099044907
769309519015837697
1243249558834778126
1281830089469857802
1312171347903909982
987151807992168509
1138072611734175817
1300492440448405554
1241524503964811406
1301607051432034401
1312507037292429353
1308887219028758528
1215463858806980618
1308401745319428176
1306144314849493034
1281175308019695740
1216255308721291357
1017536610088255509
1309502785074499604
1302424962199588907
1107540546383257600
562372447169544202
1101515731406958772
1310647314494521508
833704496072884252
1272979385074319402
1298316864824283212
934204236248535060
1312861011229020200
945495172253376523
709096695018946582
1089048556100403220
1075139085951303710
1312531922869813255
1236279972788965458
1292191715364700235
1313067949036277812
1241632016588603444
1311764889244799071
1301565103275249806
1080957332432883752
1304189733928177715
307009400864899093
1311104169578463273
1254901860096282765
1282494753048625184
1304442217129316443
1274803776259227708
1114124441887195160
714333417793388588
1308932886807838722
1277690848284250235
1280728843400777843
1050263516852015104
1301335475193380927
1248716246732771368
1313200611864612967
708357768364556379
1308807220552663040
1307247125041774592
1306973790441439303
1312791294514303057
999130331686895728
1082354337558319144
848262670288945193
1313528518352572447
1285250511775465494
1253439109121183790
1280169396936904725
1033363581623881768
1289877579070967809
688896640358154260
401633823839748098
1211480397666590784
701127127118119153
1212470974646063196
580522763513626635
1214134449126514698
1312234011837468723
1313829888364380181
1225398706480742539
1310660021100613692
435034440897396738
1170270756366721029
378034849749139457
1310387253268189204
1204653401376432180
1270391802972602497
1314197738744709234
1313537164771852320
1255409057439678564
1197252881162715137
407257061752045569
1313930680329048174
1313951841523994668
1314116663959883810
1310613762306473984
1302756285024047146
1247254948996186155
1125968630853668954
1314351231002742874
1033423293073588294
1261196472746246156
1173824347610284032
526477751285448705
772470259285884928
1311400977299017741
1167223730968211478
1227699912695877682
1304122354854793246
1280354392784109569
843579794384879657
1314665971276845137
401812652549996544
1314673569762115595
1263980775158845541
1165347370909847613
1310315191963095100
1314804596798918757
1309952549956358257
1233077741855969461
1314774915920040027
1242849913033854986
1265180191303536646
1314214844718649416
1220360543534317621
644404036359028746
1259545945448648845
1249968412529135658
1283842470622396502
1187004389349658656
433027643231830047
1041475557461856396
1242166865392832733
1223408541680013383
1314638975708954715
1314851057817616426
993956794789548164
1314342474852077578
1314639854587482252
1300025053823373333
1267992247790731339
1315113824977682486
1307327701245231167
1293314007947546734
989489987114377216
1089347775717724251
1119300657195794452
1000001901980557332
1315327492181201037
223585260690997248
1315353451357667328
1313359596148228146
1313616742341410916
552199064490606622
1314287467276537856
1313571926878453841
1315364539805466637
1315193904454438965
1201219427165798460
1196678436878553200
1121068135970242713
1314977657594576928
1305974705383145533
1314945164955095091
331680731514535937
875832065722056734
1013211040902819911
1306487981040865405
1280577383673364551
1314014520645128286
1300989012777107457
1214335302651482174
1289937708394741770
1151275719389892790
306735381095907329
1252520615433338940
1316021235750141972
1287291987128487937
1315689504929222752
934985848846442537
1278686639652339777
1311376606971039887
1249474302521118763
1212903961871261737
1288358597343973406
1206005170954182656
1157853454094577775
1311429941249835070
1262535216652881997
1316416241946198087
1313886041039441992
1263634578032300083
1315894141644963877
951631917097320488
1316429988949524512
961019168663162880
1275185361995300904
1301515881255403534
1249880372099944479
979764852165865545
1303708745959997531
1304856231919358053
1296702604448895056
1313844987737280532
1314704095029887100
1316665682292899862
1268083104849985539
1258846708331184148
1105414071441952810
1281884536497766451
1285765137386704968
1304532240348352594
1251659450666844276
1314463574869020714
1313400500070256670
1247704770962260020
1014254775245742153
1231111815921143870
1316915281339355156
1079747608911827055
938425642729492480
1298840548865609779
1308468828388327585
1099183524667461683
1281382940131201045
1201548322805133322
1299632111786917949
1305267717363994716
665279140978753537
1303534651628851274
1317106645884469288
477571273350709268
1136804473981898753
1215039960290426911
1299461223603109953
1314921926673567745
1236838863998025871
1317234424651321345
1316547670625484871
996527041216258118
1285246991261110322
1316837888541065287
1235190811281461281
1307136592711782552
1287877156348629134
1124899901059379360
1308994216533295184
1309815105080397826
1222078990903410701
1316422295346085888
1309847740766748714
1310639800944033793
1139140010243797104
1136504516838174730
1093663351088873513
1292147175672774758
1317584562083201127
1317134453377732639
1255572077424021635
1142683828142493797
1168374809969840149
1317731000939319347
1317591593053847628
799624673889091604
600850748816752661
1181436435019083938
1228060826854756452
1306590248943222818
1304704804454666250
1264398890585554988
779061037487620116
1261908096620691566
1227344659248844820
1214621219798913074
757709361920344135
1022250293167144990
1269495857175334993
1083503508961099919
1167531825942511647
1216969193396895867
1318049475457191960
591367137319452717
827032431847538699
971573567617654846
513753283333193728
1318141741181833251
694535808664862791
1318158402467266591
1317835862045753469
1235317838391152702
1315391421137817650
1151870708796903455
1303519445695860767
1255127068161740832
1317860115696713842
1297619016529219666
1193971062757658636
1246551251622166622
1308026546673684545
1317540520305885194
1198455787585011822
1224594271139663903
1229332985074155540
1197308714076606524
1307004018278793256
1304479002227904592
466732194694692884
1310039340612587656
1305418407323369553
1270740306933055548
1318573956936237096
1316122927585824818
1303864443796455536
1300691005149810751
1279598962650648597
1258995661064372264
1288014827268210718
1287289328199925831
1286401909464367330
1286750501005955153
1318238693072306279
828942628145070090
1318978636115873862
1256678066004951051
1254088653505036322
618371734617194527
1316476550501236816
1085981879527804929
1319015239118753805
1294423149806354482
1319021759055269919
1277017408623611915
1319074695588347974
1317999429369860256
1264422777830772790
1319116602238566502
929975911581904906
1247272193893728288
1297655772058091590
1311471114786177037
709136647484342406
1252523812398825472
1315693424350859277
1305323956441710662
1318607659049549834
1319338406391709818
1319356995161030697
1319363738117345390
1319397299650170930
600687448045125633
1238288101558849561
1315417919257182303
936014446600548393
1316974674986663998
1293692929281359877
811902028393611325
1318326235184627832
1317258217784475760
1268825226658058291
1316671140713988121
1204772623540822026
1288060598273310804
1268583929716150345
701927502351827035
1319581834815733843
1315980741036740652
1200475288870596668
1318915804640837642
1294258587467513947
1317539366054400021
1250204659423907913
1283663969034440706
1251295083404460106
1155175773603381280
1276473423341686848
629993730740584468
1308014476150181899
1168954521490313287
1319896261003837450
1260332269894373390
1149962532031836210
1300700211701743616
1223240182719844394
1319307607466573824
1089087839070867528
1319966775659462709
1309557892076273797
934268933119283231
437326334776311808
601489610219978753
1285008677274648659
1318006680813830156
1055905445568585889
1246858950977261685
660963495856177193
840970823850000404
1307602285727322112
1316195843614838786
1186617038664368250
1280692162891354112
1006842973847298099
1271197309589520466
958463107905224784
813782515596132372
1177188741626986529
1260405395294261268
1005441196530876466
1272520907088199792
1232961588974194688
1274057522919247927
1286225571944075337
456226577798135808
1061595953443917845
1288619307210768397
1098062490136477767
1124601812805234728
852218503859404822
1241637817021366394
1288828219885096961
331534246953091073
1076665642117234708
465660885910945792
287726584872304640
1181975706868138024
1058421375485870090
1251513266136420353
1292142381822509136
935442727745781810
1292436668263043125
1100100794121986068
1171813764849483836
411644047254355970
1166173308732055625
656183015516536862
1252322313261682779
1294051437575409684
1188758505029632071
891762772231196693
949745392025731143
1236748536972840962
1292392082643877922
1275936876582273047
1154460164586492086
561506700159614976
692678789746131014
973334948914298990
1317997984931254275
988529233926172702
1312905223056003184
1316159488788795476
876780632519352370
580435415975329812
1318607711402725489
1154054829472235541
1317181048785997859
1309270417659134024
497827348612120576
1302618891113070696
1301539515151814786
1319032571367264340